50 350 1
75 350 1
100 350 1
125 350 1
150 350 1
175 350 1
200 350 1
225 350 1
250 350 1
275 350 1
300 350 1
325 350 1
350 350 1
375 350 1
400 350 1
425 350 1
450 350 1
475 350 1
500 350 1
525 350 1
550 350 1
575 350 1
600 350 1
625 350 1
650 350 1
675 350 1
700 350 1
725 350 1
75 100 4
125 100 4
175 100 4
225 100 4
275 100 4
325 100 4
375 100 4
425 100 4
475 100 4
525 100 4
575 100 4
625 100 4
675 100 4
725 100 4
75 200 4
125 200 4
175 200 4
225 200 4
275 200 4
325 200 4
375 200 4
425 200 4
475 200 4
525 200 4
575 200 4
625 200 4
675 200 4
725 200 4
75 250 4
125 250 4
175 250 4
225 250 4
275 250 4
325 250 4
375 250 4
425 250 4
475 250 4
525 250 4
572 250 4
625 250 4
675 250 4
725 250 4
75 150 4
125 150 4
175 150 4
225 150 4
275 150 4
325 150 4
375 150 4
425 150 4
475 150 4
525 150 4
572 150 4
625 150 4
675 150 4
725 150 4