100 125 2
125 125 2
100 150 2
125 150 2
200 125 2
200 150 2
225 150 2
225 125 2
100 225 2
125 225 2
100 250 2
125 250 2
200 225 2
200 250 2
225 225 2
225 250 2
325 175 3
325 200 3
325 225 3
325 250 3
325 275 3
325 300 3
350 175 3
350 300 3
375 175 3
375 225 3
375 250 3
375 300 3
400 175 3
400 225 3
400 250 3
400 300 3
425 175 3
425 300 3
450 175 3
450 200 3
450 225 3
450 250 3
450 275 3
450 300 3
550 125 2
550 150 2
575 125 2
575 150 2
650 125 2
650 150 2
675 125 2
675 150 2
550 225 2
550 250 2
575 225 2
575 250 2
650 225 2
650 250 2
675 225 2
675 250 2